-1.943 -1.69
-1.651 -2.082
0.369 -4.796
0.11 -4.448
-0.947 -3.027
0.128 -4.473
-0.626 -3.459
0.956 -5.585
1.271 -6.008
0.851 -5.444
0.206 -4.578
-0.79 -3.239
-0.371 -3.802
0.442 -4.894
0.695 -5.234
0.301 -4.705
1.807 -6.728
-0.209 -4.019
1.482 -6.292
-0.26 -3.95
1.232 -5.956
-1.088 -2.838
-0.986 -2.976
2.149 -7.188
1.838 -6.77
-1.348 -2.489
0.615 -5.127
0.346 -4.765
0.325 -4.737
-0.706 -3.351
2.234 -7.302
-0.994 -2.964
-0.196 -4.036
1.322 -6.077
-0.685 -3.379
-0.149 -4.1
0.488 -4.956
-1.389 -2.434
0.342 -4.76
0.882 -5.486
-0.004 -4.295
-0.311 -3.882
0.328 -4.741
-1.805 -1.875
-1.298 -2.556
-0.518 -3.604
1.587 -6.432
0.412 -4.854
-1.193 -2.697
0.276 -4.671
