-1.345 1
-0.121 1
1.095 1
0.665 1
0.938 1
1.47 1
0.085 1
0.35 1
-1.548 1
-1.397 1
0.072 1
2.56 1
1.735 1
1.272 1
-2.375 1
1.799 1
-1.967 1
-0.107 1
-0.775 1
-0.861 1
0.365 1
0.009 1
-2.021 1
1.193 1
2.106 1
0.302 1
-0.739 1
-0.645 1
-0.201 1
0.679 1
-1.294 1
-0.971 1
-0.851 1
0.959 1
2.017 1
-0.463 1
3.173 1
1.474 1
0.7 1
-0.012 1
1.117 1
1.552 1
-0.391 1
1.498 1
1.619 1
-0.312 1
-0.072 1
-0.198 1
-0.587 1
-0.125 1
-1.002 2
-5.879 2
-0.961 2
-0.158 2
1.939 2
-5.776 2
0.085 2
1.272 2
5.163 2
-1.734 2
8.242 2
-0.7 2
-5.525 2
-5.412 2
-1.473 2
7.011 2
-0.006 2
-0.647 2
9.056 2
3.239 2
-3.309 2
3.374 2
-1.616 2
-10.119 2
9.679 2
-0.604 2
-1.515 2
10.409 2
-1.784 2
-3.973 2
1.469 2
-4.763 2
5.32 2
-1.568 2
2.17 2
-1.383 2
0.979 2
5.329 2
5.533 2
-0.534 2
2.852 2
5.792 2
-2.712 2
-3.762 2
-0.523 2
-4.32 2
-2.041 2
-5.384 2
-2.428 2
2.485 2
