-0.794 1.568
0.19 -0.778
0.675 1.304
-1.936 0.634
-0.224 1.329
0.2 1.218
-2.426 1.226
0.623 0.672
0.348 -0.368
0.387 -0.162
-1.274 1.453
-0.184 -0.525
1.387 -2.329
0.086 0.491
0.415 -0.26
0.204 0.26
-0.364 1.256
0.339 0.58
0.724 -0.126
-0.718 -0.92
-0.001 -0.228
-1.608 -0.837
0.297 -0.773
0.163 -0.268
-0.356 -0.459
-1.686 0.782
0.51 0.791
-1.79 -0.445
-0.418 -0.876
1.056 -0.044
-0.385 -1.864
0.638 0.501
-1.368 -1.741
-0.9 0.289
-0.425 0.421
-0.546 -0.1
-0.388 0.379
-0.188 -0.253
-1.27 0.46
1.134 -0.681
-0.685 -1.218
-0.861 0.777
-0.071 0.723
0.051 -0.507
0.059 -0.972
0.868 -0.867
-1.544 -0.566
-0.923 1.506
0.497 -0.302
0.97 -0.74
